  52.5928398  5.90110588
 -51.2511781 -20.4802429
 -15.9164158 -39.3021477
  35.4005757 -18.9130784
  46.088449 -28.5910162
  65.6155251  22.9893878
  58.7552202 -22.5513017
 -48.4869498  30.0929375
 -14.016881  38.6876437
  62.4874553 -20.9398709
  20.8635027  34.8480904
  14.5675519  59.7333098
  56.709145 -18.5365433
 -31.6811924 -25.2245559
 -7.19898214  5.45005435
 -18.7238846  16.7888262
  28.9460445 -50.1591696
 -10.7881772  68.083103
  34.2742327  29.3991387
 -37.7731361  3.91617516
 -62.4233982 -19.2690172
 -12.7913512  51.8906598
  15.8832856  66.3838998
 -23.4965233  12.7206362
 -16.9782735  31.0602868
 -16.6607036  7.96332632
 -45.8188931 -20.1577044
 -36.8351449 -29.480278
  34.2637594  21.384298
 -54.8475349 -25.9279826
 -38.2153164  63.4778451
 -15.0603903  65.5951004
 -11.7549783  48.695537
 -17.2170337 -47.8379675
  40.3876431 -36.5569278
  58.0669767  6.00919683
 -27.4048032  32.1329468
 -48.438706  41.5959603
  5.82751808 -40.4169727
 -38.5422288 -27.7480832
  65.786234 -35.1263031
  59.6074583 -28.5333142
 -5.28498642  26.3723989
  28.7720404  34.8950661
 -10.5610461  10.7010652
  14.6847499 -30.8442011
  49.5598143 -42.262675
 -35.7411405 -1.11149248
 -47.4657352  9.6118636
 -16.9402243  43.4781558
  4.6781972 -38.1957912
 -17.6766312  68.854185
 -30.1223969 -47.3638055
  4.04163592 -54.7065573
 -4.78493452  60.578815
  26.9106788  21.359171
 -51.9350781 -17.8414411
  23.8267761 -31.0999439
 -5.06158031  23.7883208
  17.8533515 -37.2457169
 -26.2817478  44.2404618
  52.1679356 -39.3315298
  16.4472944 -64.3946668
 -17.3650547 -68.0849331
  63.6671656 -5.93714333
  39.1593425  46.208587
 -49.5746678  27.4204807
 -30.0471786 -63.6614578
  30.259753 -4.60367897
 -52.2016847  45.0109073
 -9.56469623 -13.0660588
  19.4945118  15.3269631
  60.2625143 -14.9931871
  1.40439201  45.3502952
  37.2720226  20.6716006
  69.3339124  8.96259354
  44.1958262 -8.77684368
 -49.7373708  13.6156799
  1.34588157 -61.6143242
 -16.0608943  51.6631715
 -42.6185299 -51.6934162
 -4.15783429 -3.92313074
 -21.2319575  14.3224782
  12.0820453  55.9697092
 -69.5191297 -3.56860107
 -15.501651  9.82934994
  49.4130252  27.4393254
  33.585074  45.8499369
  55.9546181  26.4489826
  38.4265004  17.1649626
  33.9222659 -46.9234703
 -63.2476443  6.85700593
  16.8312948 -26.4898416
  8.47153792  36.6801973
  39.545253  43.3419174
 -5.74672028 -58.4053032
 -71.9469118  8.66299377
  20.8350349  43.1828091
 -4.97270265 -35.4486768
  3.86247234 -37.1860828
  67.9143289  15.844402
  40.5525203 -13.632502
  49.7453611  15.7856171
  51.86074 -6.7615961
 -22.8541829 -61.721507
  68.2627046  21.8317256
 -40.2442488 -19.9216723
 -44.0438677 -30.3897963
 -58.8795124 -1.73890642
  29.7019464 -34.4197082
  18.052213  22.6901728
  37.5662677  25.4473356
  32.5128327  21.5772487
 -71.875441  15.9004332
 -18.382164 -16.7777082
  28.861676 -25.5045121
  28.7735579 -56.0363156
 -33.6354571  32.6735851
  24.1457592  61.2009357
  36.872033 -10.0784334
 -35.623211 -14.5474952
  38.1499212 -33.6827864
  34.4714473 -24.9609636
  32.7331395 -56.1381113
 -61.6087659 -3.95154315
 -24.9352048 -23.9838932
  13.5329766 -65.9804727
 -39.6386185 -51.5535412
 -7.34298682 -60.3349829
 -30.8551427 -15.6445496
 -21.671577  59.8968619
  5.3406181  56.3911692
 -27.4067797 -40.0458223
 -28.4461671 -5.09596192
 -29.3759325  27.1945266
 -56.994201 -10.5344543
 -53.9181239  0.631911903
 -53.5691523 -40.345136
  2.45729144 -40.2807258
  65.2411668  2.68776119
  50.0413886  34.5578232
  64.0036901 -35.0205768
 -48.1318155  19.8016097
 -0.655544601 -49.9810606
 -60.6084791 -38.2748222
  25.6182293  16.4034473
 -14.7632678  67.6373916
  20.5888247  19.1837287
 -68.2163043  28.1138833
 -60.0136726 -7.27106652
  17.2107309 -33.7002144
 -42.0604318 -5.49988812
  1.70864345 -48.7007194
 -45.6873917 -20.2522584
 -53.1294138 -27.4280929
 -7.57140052  5.97907949
 -10.0155497 -3.92904022
  6.58025814 -46.2869521
  12.9460165  70.278706
  35.5188528  61.645875
 -34.8796156 -63.7864474
 -43.7174208 -7.57384462
  38.1932695  55.9166914
 -31.0416905 -25.6478736
  40.890801  23.8903135
 -47.1976898 -20.2325865
 -33.5292248  21.7820155
  30.0946816  48.183848
  51.9782213  29.5104515
 -26.187568  35.8537742
  0.258739579 -5.42263927
  51.8168553 -4.89336587
  53.2137568  30.661892
 -33.4501684  3.21570373
 -54.0613256 -48.3741208
  20.5014703  35.2361426
 -21.1168474  33.5306901
  45.1110143 -24.4581642
 -39.3517396  50.6170781
  22.5235381 -6.12591952
 -37.5790556 -52.6884346
 -5.98007884  54.5395494
 -6.63356024  49.6987795
  11.8453423 -18.2159123
  45.5664711 -57.815686
 -38.2052526 -40.9634286
 -48.3599429  32.4702332
 -7.55361916  8.56795611
  0.176538773 -59.0454246
  49.2667331  36.6486055
 -15.0030338  9.87371312
  49.2103581 -8.90727356
 -35.0461096  32.6898096
  48.88494 -8.21446046
  42.4453478  48.0117155
  68.8127868 -25.0971062
  61.1631006  35.5734625
  32.2257831 -28.0952348
 -4.50315006 -54.7029623
  59.8276985 -40.8919378
 -9.34444323  17.098518
  52.9023609 -28.9884689
 -37.5191299 -38.0460791
  50.8815658  1.08144517
 -48.8830624 -34.4346661
 -10.6145264  40.7684553
 -35.9551958  28.5533687
 -0.433716454  70.7542405
  32.4832816  13.9638936
 -52.9498209 -31.139534
 -1.7372232  24.4398314
 -29.1376167 -25.9037834
 -20.546998 -18.4964848
 -21.4098942 -50.8768395
 -2.27734227  9.06707076
  10.8538597 -57.5629904
  64.1429071 -33.1996888
 -23.2084895  10.1040651
 -16.2592846 -57.1768687
  16.9031718  1.5136457
 -63.6542961  25.5234991
 -8.85176204 -25.0800514
 -40.6800628  35.3063105
 -27.6951084 -61.9320152
 -48.666165  54.1091158
  64.7707266 -6.11199658
  16.5937913  63.3434845
  57.6335981 -13.632101
 -17.6888202 -31.9831779
  4.51607299  57.3542116
 -11.3917932 -32.0910968
  37.1684919  18.7070229
  6.20818331  71.5644379
  51.110848  42.7094683
  6.08285243  15.414882
 -46.8439419  20.6506951
 -11.101747  1.3309768
  4.40696917 -35.4483191
 -10.9596776  62.3579812
 -21.3445389  36.9300443
 -4.85364369 -46.8083491
  52.0258621 -47.056423
  44.9288952 -55.6528073
 -55.441156 -16.4861589
 -64.787285 -25.925599
  13.4129872 -16.5749123
  57.8054101 -4.75227704
  64.4643472 -9.60804277
  62.1488269  2.58703255
 -17.427181 -68.3777696
 -66.9721483  8.05014812
 -26.7622933  60.1657822
 -4.16455572 -57.8248768
 -33.0223802 -65.1628603
 -9.51392433 -57.5801867
 -36.4620765  38.6716251
 -28.7187704 -9.53689368
 -67.1635962  13.1226488
 -66.4824553 -13.7549246
 -55.8151631 -39.3610937
 -33.9800996  7.0551327
  15.3190876  36.4656513
  50.1500042 -43.2087445
  34.8556135  47.0854743
 -21.7531891 -27.8324916
 -3.90963324 -53.9154345
 -45.4682487  2.75560237
 -20.4285628 -56.5136038
  66.2292965  25.8007849
  56.7107216 -33.7297362
  12.0387128  6.49503116
 -4.08530114  57.338657
 -22.1134348 -54.8790722
  11.9027321 -68.9596714
 -33.5104021  22.3905782
  45.6350821 -31.8740254
  18.5914189 -13.1317947
 -45.4168925  20.4406894
 -7.5893675 -22.3881735
 -45.6715766 -44.1402328
  18.3553614  52.1531924
 -28.9775347  40.7947801
 -35.0236216 -25.0811147
 -39.7322082  2.72128094
  2.94076892 -37.9705918
  9.89403094 -18.2920645
 -23.5287545  57.9626364
 -30.5645854 -65.7051304
 -52.449624  51.6121671
 -63.7634753 -14.4328859
 -32.7529174  9.63183161
 -5.3017725 -60.1262712
 -53.1706901  42.3601767
  25.519329  15.6955387
 -9.0420849 -44.7838985
 -4.08977635 -0.622310464
 -20.5651284  40.9741048
 -18.7935053  6.73033328
  15.9310204 -34.7324967
 -57.1255324 -16.6040724
 -15.5817536  47.1134273
  36.7844423  11.4653823
  50.8084813 -33.4057024
  23.8075608  64.8018422
  10.5241584  9.10685883
 -11.981417  33.8254578
  43.8640107 -56.8015082
 -33.8593955 -35.3643009
 -59.433457 -31.7943542
  26.5761932 -60.292645
  50.7366009  47.2250066
  18.0676382  37.4495957
 -53.5820609 -28.8744586
  10.8916023 -20.734802
  11.5578005  7.60777475
 -48.0070417  4.44160128
  43.1683524  30.3538779
 -34.9773258  57.0329501
 -9.45578185  62.5277421
  15.270961 -50.7334401
 -25.7728558 -52.6933516
 -60.8426194  1.10219533
  37.704941 -14.4388879
  67.4796271 -25.946614
 -28.7382267 -65.7387183
 -34.7985134  18.6614394
 -19.3145863 -16.0434359
 -58.3245467  43.965214
 -23.2438449 -48.9501577
  0.931868023  52.3522652
 -60.9182602  29.9947789
 -28.910618 -20.0730445
  7.55308676  20.4912556
 -66.1530603 -30.9010998
  38.1781616  26.7413558
  45.8714965 -3.35929849
 -16.5065979 -43.7454131
 -7.5049184  73.5242791
  33.7405931 -52.48737
  22.7396023 -6.57809768
 -10.6933496 -65.5399046
  19.4014095 -1.29673556
 -10.1800572  49.5450035
  24.0247673  54.5078301
  48.9905557  35.2721472
  65.5930865 -5.33515821
 -41.4315218  19.5168739
 -22.4142392  10.6125636
 -47.6035592  18.9074283
 -9.39797854  45.9454247
 -23.9368747 -15.0243034
 -13.9588751 -31.5435375
 -52.9643822  24.0639606
 -72.7645112 -12.0793269
 -30.2576134  34.5879609
 -28.9760171 -4.66157361
 -39.4124133 -4.65903909
 -47.1132058  27.7288816
  43.3541608 -31.576538
  46.0909754 -41.2934768
  14.6352006 -17.6622151
  11.317135  45.6473242
  15.6395399 -41.5750928
 -23.1368993 -5.72867015
 -63.033949 -5.40440029
  9.19195164  13.4495888
  22.8859887  32.4772161
  33.6547019 -49.791846
 -14.6292672  17.3824641
  14.7822066  0.942765928
  30.8096602 -10.2023429
  6.37252774  8.24899415
 -17.7823977 -35.8323246
 -62.7425209  33.8510498
 -72.0135303  18.4700929
  4.73355786 -25.9144177
 -35.5683682 -31.5983687
  59.8274282  32.793761
 -61.8538636  16.4538549
 -11.010421  33.0019344
  28.0049707 -46.2977203
 -15.9265453  61.3823364
  5.43196099  23.4250233
 -42.1708338 -53.7525285
 -21.6559757  48.4025148
  28.4298266  47.3372952
  44.0707325  4.33572489
  12.8034526  29.8075145
 -50.228655  24.512413
 -54.1747497 -1.19934128
 -69.517291 -21.1455325
  8.53590426 -69.0162929
 -20.5941232  31.1340435
  14.7804255  24.1596919
  41.9743712 -56.6649698
  52.844581 -5.57910164
  63.7777667 -14.7077628
  21.0315284 -38.0856343
 -54.9478578 -2.33260899
  27.8183471  26.5968387
  59.1994261 -15.7549359
  36.3841006 -30.562898
  7.26600992 -43.9789153
  2.37685903 -61.5190486
  47.537398  31.9737738
 -24.3583299  14.4408646
  26.6689771 -23.88789
 -48.0558949 -36.8164895
 -63.695215  7.41689552
 -51.9363957  4.56297555
  23.3501186  14.7468149
  29.533 -60.8612023
 -19.199898 -26.0374255
  25.9543794  65.689025
 -35.0940081  65.0224871
 -57.4867775 -47.4480109
 -16.5847247 -38.1627066
 -72.4923608  0.517184291
 -18.8557026  54.5850498
 -12.4127434 -69.5213814
 -4.31344994 -74.1041319
 -25.1373992  0.448410236
  55.928301 -16.432161
 -11.3048133 -45.6933196
  33.9135284  66.0478124
  49.1802526  5.05701271
  30.0121647  9.50405403
  37.4559915  36.5860344
  37.8310986 -24.9911831
  36.6500198  4.00082199
 -11.7806386  11.7086061
 -65.3524183  3.98093439
  62.3493855  40.947221
  20.6775613 -47.4080051
  38.3334741 -4.87686148
 -22.8052936 -54.6915888
  66.1068353 -10.623488
  31.3056612 -50.2188052
 -1.8210143  12.5647731
  42.723202  46.8490929
  56.4784566 -33.3961259
  32.1938318 -33.5601771
  46.585997 -22.2234377
  60.3259244 -7.98712644
  68.615974 -27.7702259
 -23.1737471  40.7956656
  68.8433111  28.8180268
 -25.0209561  30.1688383
 -33.7224902  57.1426292
  10.0318702 -38.0651451
  38.1640207 -46.7878379
  64.3300319 -17.9383666
 -9.06637198  57.9360857
  13.5131261  52.0814623
 -14.2385764  65.1478418
 -58.2143034 -4.06342413
 -11.2259585 -10.3655399
  31.2202038  61.8718182
  23.668489 -67.4649315
  55.0033235 -4.42098331
  27.4568277 -35.6242339
 -50.867582 -35.0908635
 -28.5126168 -18.6023466
  14.1562239  37.1080747
  7.19745429  7.07215972
 -15.3738123  48.2312028
 -30.1756176 -3.28048487
 -8.41105218  47.9194496
 -42.1323659 -0.234293986
 -39.4675425 -53.5651064
 -47.4063646  49.8102778
 -34.0033081 -18.30102
 -28.841933  38.4100512
 -9.58071089  23.9114915
  73.8852077 -7.32984286
  61.5059494 -3.78806311
  42.8031569  56.4593181
 -48.1215616 -2.34757101
 -15.1728217 -66.6288467
  8.74598585  16.8998623
  31.194371  67.6280129
  23.8507953 -56.3431643
 -11.4933526 -12.1511341
  14.9009309 -2.69949671
 -9.74478542  55.9258901
  39.7663884 -16.1948644
  0.593203379 -13.7333989
  7.72637658  18.8433053
  35.0509977 -40.0252085
  12.2076324 -67.1111915
 -6.76159514 -0.668186629
 -57.1812924  16.5855581
  54.9932911 -27.7110422
 -12.7362172  35.1432391
 -15.7056282  16.3534661
 -0.89875309  15.6804985
  35.3226117 -42.7209097
  49.3914073  36.4796945
 -37.6220498  59.941395
 -4.00685329  21.7976905
 -27.4426335 -20.8661531
 -34.5862927 -17.7206459
 -38.0772424 -24.1372224
  57.4876531 -9.64561609
  4.03834879  14.8896682
  1.18486522 -33.3857748
 -20.0937483  14.3821992
 -59.2942903  21.1038063
  5.56194901  57.2490342
 -53.1891526  16.7381913
 -25.4035247 -47.3997519
  56.8909449 -33.9120932
 -16.56181 -60.2870008
  27.6651097  33.1517325
  66.5953572 -18.652597
 -35.2043917  28.1740165
 -14.0885304  29.3531048
  63.2759409  0.586681306
  1.66756439 -6.07642716
 -44.3225093  15.9486656
  5.82068114  31.310836
  32.1135546  22.2570753
 -41.1017845  3.42769387
 -12.9207023 -73.3815735
  52.4541337 -7.35938524
  56.1016758 -25.312509
 -57.8412563  25.5162291
  50.106066  50.5265517
  48.0148134  4.08742993
  13.6243384 -67.2366741
 -40.8054828  53.296985
 -44.0174386 -4.55496041
  70.6063078 -22.6393388
 -23.2657127 -52.7456894
  3.25572385 -7.02165919
 -55.7832394 -6.98407724
  12.3882267  59.3438374
  65.1340125 -33.785599
 -32.0844216  20.9151812
  10.1719963 -39.0707987
  34.9648176 -34.1100252
  42.425143  42.7592868
  49.5955661  45.4561034
 -10.140002 -15.2733297
 -4.42387798 -48.5468277
  52.6056421 -21.6136306
  71.5916999 -15.6249701
  61.7884101 -1.64811702
 -13.6157027 -13.3034274
 -26.2573245 -60.8121179
  42.5236892  4.41596279
 -16.9784005 -59.068888
 -56.7609345  12.0110205
 -68.7286298  20.5370264
 -46.549007 -56.3045826
 -70.4401295 -0.385932966
  24.2957865  52.3053686
 -30.1163449 -20.299699
  28.1031088  0.825906669
 -23.9056935 -25.2536621
 -31.0592438  12.3458407
  25.1419998 -29.0572734
 -0.0262974082 -33.8850484
 -6.5766722 -21.8812931
 -24.7657954  19.2881004
  52.5765221 -52.3769925
 -40.9640367 -43.6550225
 -11.5770024 -10.076736
  36.5603262 -8.36324551
  51.1320569  42.0144996
 -40.2092802  12.7510057
  59.8455798 -23.6973546
 -13.3428554 -32.2491004
 -28.8085582 -31.0740595
  28.922976  61.2021234
 -13.4018264  2.51806155
 -6.99815654 -63.9921766
  44.0539066  36.4109458
 -21.5234758  2.36994565
  40.3520213 -37.5508547
 -60.5230761 -30.6322178
  48.1616797 -55.5191248
  25.1317492 -30.5385837
  47.0940039 -52.9674685
  10.3025779 -26.0308815
 -10.3816712 -48.4395408
 -35.0709949 -0.0889706731
 -9.82244505 -65.1079596
  41.7268292  16.8309351
 -7.80754337  37.7972906
  14.233554 -31.2263484
 -55.1892765 -24.8619641
  16.0365956 -18.019509
  13.3627657  31.5001589
  35.8696809 -14.6108552
 -26.437543 -39.869542
  7.75836754 -4.34967572
  41.9791069 -18.655941
 -42.2856465  40.5067522
  29.8071357 -46.1650353
  13.8699406 -7.52702134
 -58.6147549 -44.3431621
 -42.0601611  25.7434241
  31.202944 -37.1289671
 -24.7893404 -58.5477382
  31.4683939 -43.4451362
  59.7271008 -32.3291646
  41.61832 -13.091166
 -68.3713595 -15.5551501
 -0.000729325068  67.2039208
  32.3730101  44.4633163
 -12.8926447  27.8805369
  40.9237318  52.2461644
  45.5193212  0.447070598
  13.0282326  69.9847021
  27.0115437 -25.0226933
  26.8724151 -63.9085672
 -48.2080817 -43.7749008
 -21.912372  45.9971165
  11.6162481  22.2088781
  18.7274567 -41.7235215
  71.0643884  4.32889424
 -0.899293323  37.2283783
  3.2905705 -40.5942431
 -26.1826535 -22.5463579
  26.1212452 -34.3816968
 -65.8093794 -30.4752292
  43.9041743 -30.7149934
 -22.9325682  55.5945464
  0.917329228 -32.3363795
 -54.302254  3.16730584
  0.294140198 -64.2192033
  70.1825001  13.717902
  26.3581347 -10.6815876
  39.2980438  22.0958417
 -7.00537112  62.1456595
  28.1908693  69.1110747
  69.8364089 -1.33192915
 -13.872043 -51.887115
  23.5057203  58.6918327
  30.5887235  3.17781227
 -12.0643711  45.4132928
  55.9676228 -44.3463048
 -16.2712255  37.7315682
 -9.24124758 -29.1772614
 -8.35996176  56.4491096
  13.2607651 -44.6835327
 -59.4514058 -4.86445853
  54.1337454 -32.502328
  23.5493607 -70.8282578
 -13.6634682  54.1922586
  33.700977 -32.9274797
  27.9626901  51.9162926
  18.0960309  50.731068
 -64.1343222  5.61191819
  26.2774605  4.89735478
 -49.2645459 -48.9331467
 -29.0813216  43.478494
 -18.1095054 -5.7302135
 -15.9961856  3.8386398
 -56.9291596  24.6183988
 -18.5743768 -57.5611339
  58.4273727 -37.3732326
 -10.6161744  46.1789154
  36.2691862 -35.424172
  13.8478102  53.6380221
 -49.8754394 -10.5182304
 -21.135059  16.8911035
  38.4543292 -25.2954198
 -0.0191435173  45.5314482
 -2.57786555 -41.4553928
  30.0458301 -51.7095557
 -34.5739701  39.4101951
  27.4693899 -23.4192035
 -24.7338968  9.06764395
 -24.9479242  41.8327415
 -0.169594938 -73.5857943
 -36.4320032  30.5502944
 -48.5194625 -31.7868313
  30.9357507 -47.3310192
 -29.9789786 -68.2420195
 -18.486345  38.8883199
 -33.039933 -27.3338749
 -50.8110117  49.1190409
  53.8303975 -10.1498163
  8.83506333  67.777203
 -44.2890196 -38.6009097
 -21.4001451  43.9857086
  3.40799245  68.5283589
 -14.3541873 -61.6944435
  13.8414127 -21.9532107
 -63.9231368 -36.7196341
 -41.8189188  50.3288606
 -71.2806865 -20.6033055
  23.8898796  70.4604838
  21.9584227 -61.8623127
  37.2224 -30.9483242
  36.1615911  31.8926688
  5.82607963 -12.5908128
  44.3862934 -23.6497544
  60.5881668 -23.2927654
  36.4715853  62.6020531
 -16.6262405  1.67277447
  5.3711043 -71.1038801
 -52.7439674 -6.50654632
  64.5727604 -6.3050088
 -25.4969877  28.6255214
  20.3742089 -71.4038719
  5.72587746 -12.8894413
 -28.7406185 -10.4673083
  24.3648568 -55.3267779
  13.045296  19.6112061
 -17.6061552  7.18800939
 -10.8863366  65.3222013
  42.9437582 -59.6542555
  4.97487042  53.532388
 -47.103176 -36.3518357
 -42.5585986 -23.650229
 -48.2267283  10.3993655
  0.54318575  18.2646071
 -17.2133182 -68.2947614
 -43.0629099 -59.1352099
  5.89799527 -12.3501138
 -22.3531872  66.5141588
  24.1927683 -25.2730132
 -60.7150329  21.7702937
  31.6578216  8.62750687
  16.8218148  27.2758723
  29.6275677  62.9211169
  18.3811306 -38.2941166
 -50.7782777 -16.5432369
  44.3956349 -48.9165287
 -10.7757548  51.0158784
  58.7624365  39.9473506
  61.3479312  26.5574771
 -52.6734902  48.4489017
  32.8636279 -35.3792156
 -11.243112 -7.56576253
 -28.0045818  14.8583042
  54.2984442  9.04876006
 -55.0044636  44.7654719
  52.2124932 -1.30048939
 -27.941586 -16.6782492
  57.2219243  36.0795018
  38.1152776  47.0485324
  28.6328025 -26.8535809
  37.6072468 -60.5204808
  33.0945432  48.6262081
 -21.7767638 -1.24335666
 -30.4010341 -0.431243759
 -27.7726219 -18.5637128
 -59.7939297 -41.1134015
 -36.9257284  57.7275062
  1.5418498  57.563835
 -30.2077688  22.1598465
 -6.8814202  33.5619464
 -70.1744431 -24.9831901
 -53.1893663  15.9346667
  15.6052664 -47.98274
  69.585139 -20.9708705
  34.611451  14.4546652
 -44.1519358  6.69952465
  15.5503764 -9.99247399
  36.0399003 -9.85255826
  2.51423211  54.3392911
  3.70016019  16.6904589
  16.632512 -1.84103061
  36.4878145 -49.8417239
 -41.3104206 -51.0718776
 -3.44442456 -63.6106283
  3.11002829 -63.1022664
 -32.3291631 -47.9158999
  18.4166205 -63.7447223
  28.1484353 -48.17925
  60.6544267  12.1942409
 -1.97055075 -46.440619
  31.0368399  21.7325663
 -23.3484039  9.46475537
 -10.75279  44.9432938
  32.6848464  29.0225644
 -41.5227837 -46.8388674
  45.020216 -35.3985829
 -49.6889518  2.67404941
  49.072962 -31.4290225
 -17.4960625  51.9673326
  36.1791016 -62.4909668
 -36.6955488 -56.1181529
  5.62057916 -73.446161
  46.7372919 -52.3023507
  65.9587516 -32.6291249
 -12.6261008 -13.81989
  41.1814356 -25.4868748
 -29.5534808 -17.3359408
  21.0301604  55.81524
  22.5060211 -41.9798082
 -13.974481 -71.984732
  65.8308629  26.9573122
  49.4815617 -48.395927
  60.8562898  1.81139477
 -69.0783905  13.0410336
  13.5993748  64.7628384
  34.1240243 -35.464093
  30.2321293 -62.21437
 -3.91583669 -32.887485
  22.925993 -35.0341607
  31.6411057 -54.0735498
 -49.8875597 -14.8165421
  33.1323321  9.85141693
  41.7975943 -46.8512177
  44.9614428 -27.5050657
  35.3553306 -43.7794998
 -32.2471356 -49.4183762
 -44.3271971  16.5379599
 -46.0953529 -51.8764015
  0.413509073  57.4589544
  2.9548579 -54.1701539
  27.1260777 -32.6020575
 -66.4580086  20.5144303
  4.87794151  42.6979777
 -3.02113388 -50.0765343
  59.7662021 -18.8507553
  19.4147404 -49.9622123
  8.61175027 -62.2457703
 -28.942036  30.7585404
  48.0649418  44.3125683
 -1.93794457  73.3635874
 -49.2507597 -24.8012136
 -42.8484863 -42.583118
 -4.75291247  44.7474162
 -53.4073021 -5.66707063
 -17.7025073  39.2976566
 -26.4099921 -41.0220857
 -51.4717761  51.9794457
  71.778441  18.6749794
  22.1663279  67.654437
  62.5129113 -2.77157827
 -26.039831 -28.4794416
 -53.7388894  7.24413994
  6.69957447  32.7689837
  69.4786554  17.4577169
  22.6546942  44.4725132
 -12.6401662 -33.9146206
 -1.23863101  4.19201545
 -45.8311749 -25.9983092
  36.3373948 -12.1079187
  33.6308714  39.2078992
  6.88115306 -7.65194534
  1.81771004  25.3314818
  30.1148108  1.39806527
  69.6026736  3.37381513
  10.8205539  27.0448055
  51.8281337  27.2445537
 -42.3358593 -48.900702
 -16.3280754 -14.6848015
 -62.5271336  28.3662983
 -49.4566479  32.3185331
 -39.6480793  56.3901758
  35.2941549 -46.7632293
 -49.9648813  16.6512745
 -14.12255  15.1196794
  57.3059396 -40.9547604
  8.60207034 -5.01953064
 -62.9882448 -20.4421431
 -68.1835154  7.55341994
  44.26685  6.16486744
 -34.3919786 -42.2201307
 -18.1923306  3.20182037
 -17.0353395  41.161262
  11.1376004 -4.97097827
  42.1220751 -4.1816869
 -13.4225836 -54.0719072
 -10.1043623 -30.7330979
  24.1455615  6.32656971
  15.6680425  61.6112473
 -55.647457  36.0374296
  52.8782011 -12.9870961
 -38.3856621 -61.0524915
 -49.1833968  24.199762
 -17.8786172 -47.1049017
 -42.4337409  36.1192855
  0.076145728  41.2371643
 -24.0528199 -62.260044
 -30.8007325 -49.3418607
  45.239783 -51.8170356
  15.9893139  10.8272969
  56.8434001  40.773515
 -16.4260368 -21.7283346
 -53.8010723  50.491641
 -28.7005008 -24.4952331
 -4.14014862 -33.454962
 -50.2978015 -18.4547155
 -15.2800624  49.5098131
 -28.0808925 -33.2444688
 -39.5862434  17.4454305
  47.7915775 -37.5419152
  51.8747169  11.4631799
 -42.5323688 -46.120523
 -31.1212086  6.29501744
 -30.184222 -7.11141445
 -49.0770347 -46.501523
 -40.2929138  30.9034476
  32.7736585  52.223589
 -20.6706046  6.47929253
  25.273951  50.9243552
  59.4115588  39.792273
  29.6194755 -68.1659926
 -39.2688679  18.0265575
  12.1764036  71.489988
 -27.2620199 -0.559737156
  21.1760689  15.7724347
  44.0486983  42.3109801
 -59.8442712 -43.3786618
  67.8637739 -9.1713968
 -15.5503854  50.1822465
 -55.9831304 -43.133379
 -7.06879893  66.7550313
 -9.95984504  1.18321989
  23.6879658  21.8877201
 -11.8524484 -2.69788575
 -41.1646783 -42.3364836
 -9.63919075 -61.4356041
 -52.5797938 -33.6694117
  35.772914 -5.68812972
  0.304731577 -11.9538966
 -33.731379  17.0880486
 -11.2918156 -2.77779756
 -45.7479802  14.4651148
 -42.9091271  23.2104668
 -49.6114274  39.119362
  33.9162014  61.0533478
  3.46314448 -31.0686524
 -43.7130802  36.420684
  49.5459257  6.99709596
 -31.4500737  67.5993834
 -54.3038853 -5.88709817
 -15.3486442  24.1806897
  62.9263856 -2.06471171
 -60.734275 -0.336393402
  12.2420232 -16.6422023
 -37.168877 -21.9989601
 -18.7935788  42.7864198
  29.2670287 -0.803354421
  14.8147717 -12.543134
  26.9518886 -27.5092484
  13.420366  39.9484345
 -48.7915658  27.7690437
  52.0856381 -1.3784023
 -13.1694157 -71.5941108
  73.69779  0.357443146
  4.48904091  27.0748555
  27.9456828  49.8305486
 -26.5729679 -9.53344491
  54.4119584  47.7084084
  6.00305383  14.5975398
  63.774227 -0.111144514
 -11.7972392  26.1849835
 -31.7786668 -14.4577722
  3.74951391  39.2809658
  15.2065626 -52.4577577
 -48.5620349  49.6051868
 -5.1072626 -18.588255
 -50.4447452 -3.27169481
 -61.2178858  19.9650612
  9.30494276  14.1996902
 -23.014382 -55.7642984
 -9.18231587 -12.5724988
  41.3303421  34.7872217
 -7.6580047 -57.8279968
  31.1737155  53.0973461
  33.8599821  44.3147311
 -34.2936507 -55.8756686
 -5.96566852  19.2260787
  9.62099673 -42.6099708
 -7.74877372 -40.0768862
  16.4011651  28.3617338
 -47.2104811  39.9076355
 -23.2825873 -33.7774611
  27.6318827  59.9321976
  36.581879  61.8991625
  9.23389459 -63.8691052
  2.62518436  37.1454875
  8.79561859  25.9966171
 -65.839625 -12.2608628
 -2.81189161  19.567524
  34.3182169  42.535488
 -60.3152434  23.3546968
  2.04402737  33.9517041
  30.0856665  59.5244647
  63.0765507  18.6072626
  1.51628092 -5.88005618
  3.06330436 -65.6204247
  8.09475658 -53.022015
  8.32573474 -8.84549713
 -24.1637311  60.298782
  16.7413446  30.5719718
  7.70783327 -69.4749399
  33.143956  42.0709797
  20.6301395 -28.4822143
  5.34740772  68.4172183
  1.73824916 -10.8672981
  28.8874736 -2.7570289
  62.5059271 -6.220926
 -8.37007156  16.5278129
 -11.446738 -44.3321137
 -56.2110055 -32.1269875
  64.2435944 -8.79362232
  44.2768382 -5.73540463
 -29.0758718 -44.330465
  38.8858909  9.18012089
  11.8672996 -64.8086353
  0.119255678  44.1938487
  39.0961469 -57.3074085
  49.2575139 -43.2031169
 -21.48596 -17.8832142
  2.61389562  24.1924043
  68.4863158  2.19195227
 -35.6508752  19.4989483
  19.9264004 -12.9617867
  5.37432791 -40.2938214
  39.4664875 -28.5725981
 -14.4445084  63.0154352
  15.6439305 -57.9773243
 -0.12507338  48.3524024
 -7.45182657  4.71845693
 -38.080255  4.20679929
 -42.3443883  17.0419526
 -48.215766  55.8264226
  30.9818191  27.3956869
  57.0072593 -20.3546913
  10.7970768  48.6934332
  58.1006219 -33.7744058
 -4.28777221 -41.4287967
  32.2837512 -0.274543792
  35.0486981  41.2220774
  7.98496996 -25.1962681
 -57.6938607  20.4148163
  34.8328375 -29.0834714
  27.6794491 -24.8770879
  55.3633966 -22.2048426
 -47.1001746  39.0399725
 -35.2056433 -27.8773427
  27.2727629  34.8041644
 -18.6543377 -20.9285121
 -63.5399207 -12.8779199
 -33.3703879 -30.0094009
  31.5335541 -53.765133
 -68.2861594 -22.3162162
  43.267461 -5.52872601
  59.6808038  43.884195
 -62.1009701 -9.09236955
  13.7529071  62.4391925
  18.5789077 -49.0729951
 -0.498550736  3.50389712
 -28.9793566 -9.49194772
  30.3013581  18.2805897
  12.0389658 -6.82123793
  41.6843049 -9.14677809
  16.6663504 -2.4226248
 -34.5445508  31.5460459
  27.1325139 -68.1016284
  12.3941134 -39.9109678
  31.2790646  13.5873271
  13.9742087  37.8005896
  55.3266451  48.8304835
 -35.1704843 -56.0461297
  37.0987034  9.87401678
 -25.1622072  17.7889499
  36.2613903 -25.0551574
 -63.2923952  12.8619002
  60.7553838 -13.1048179
 -30.2959277 -22.9244421
 -51.3516795  10.4001322
 -15.5183953  2.1663201
  9.67721843  73.1667298
 -13.6460875 -64.5159055
  37.348836 -15.3822685
 -40.9374347  23.2042448
  1.74982616  30.7547829
 -23.9462829  18.445488
  25.6953184  16.2365636
 -58.6251525  37.529875
 -64.8996949  33.3387281
 -56.2289377 -41.2260471
 -11.6780201  2.48153175
  5.16370668  33.9082794
  7.49716718 -51.0286578
 -9.34411167 -17.9025763
 -14.7666643  31.0973809
 -12.7216655 -34.6799766
  17.687484 -51.3400232
  12.8021785  61.482623
  34.0832059  14.3868407
 -59.4222088 -36.1479256
 -2.95392409 -33.4224497
 -9.56044062  53.8527621
  35.7494278  37.2857494
  10.7266707  15.4902226
 -11.4107893 -15.0510746
  48.963672  12.0673669
  3.51395592  23.2329254
 -23.1968193 -70.8914108
  16.8220357 -4.11265721
 -58.3118739  38.6639469
 -49.210636  38.4572327
  17.3849957  30.8443739
  8.68046987  67.9011604
 -35.1767986 -35.3588552
 -15.3075807 -42.3535395
 -63.6251564  10.7316602
 -49.9065726 -24.6658933
 -10.5469213  52.5364723
  59.8648843 -23.9073066
  36.5294245 -47.7705053
  6.65870487  50.6380857
 -1.06217061 -0.907269858
  47.1773243  39.0370806
 -9.53830231 -6.33812727
 -19.1907901 -6.6248639
  27.9246795  57.1050273
 -14.7751163  37.0824465
  4.78254543  71.0146823
 -43.5851693 -38.8685992
 -61.8172869 -7.28540601
 -6.54596098  5.2821906
  43.171465 -57.746
 -35.3795087  4.26542917
 -2.8608378  20.9295529
 -57.9777382  29.8450561
 -17.8535672 -42.7296737
  37.3436546 -55.7882814
 -6.98185837 -9.92445788
 -10.046745  30.9339969
  32.9085352 -30.6569488
  35.4849455  6.05717776
  7.23545647 -54.7919445
  33.8886116 -0.226938156
  21.4845255 -71.094656
 -24.8804909  15.8700201
  43.9685876  4.59663714
 -19.2208406  27.6716878
 -30.5384815 -34.0706862
 -43.3821623  36.6244978
  1.47702281  36.2742228
  9.1724326  67.1299898
  49.8472091 -47.7718717
  49.2544248 -33.2201371
  29.3281043  50.7551718
 -1.72449418 -63.1302023
 -1.61246829 -56.1869868
 -40.9074189  6.1995792
  15.5637462 -7.92131535
 -42.7438523  58.8108491
 -24.2158199 -28.4712334
 -6.74195639 -72.7789002
 -45.5861187  2.42237079
  29.0273708 -23.0906798
  44.7362028 -39.8800525
 -58.0496502 -19.7022785
  15.7023276  29.3656691
  58.5696831  9.48658741
  23.8373669  62.4628274
 -59.7071188  26.7744843
  5.68737749  23.5483957
 -33.8378331 -48.4329892
 -6.56158253 -73.0681877
 -11.7005631 -0.405328319
 -31.2830541 -49.8388684
 -30.5736712  59.7411688
  8.926955  69.7863102
  54.8960539 -12.0397374
 -21.18979  47.1286883
 -32.8805244  35.4204776
 -7.43764759  42.1221974
 -4.31170284 -16.3640625
  42.9063111 -36.5007686
  37.4526788 -47.0209745
 -39.7478714  15.0020766
  17.9461472 -39.2677123
 -12.5986676 -2.4219216
  57.184781  23.6976888
 -21.8203128 -67.165543
 -13.2667627  52.802258
 -29.4570438 -25.375276
  1.22827594  28.9922189
  60.6052351 -11.2333843
 -18.8734491 -70.1427146
  49.0609258  53.8110416
 -49.6590409  13.310942
 -16.1346179 -40.836842
 -23.2863742 -44.6781844
 -18.1387603  66.5214321
 -18.4002873  41.2029893
  56.1632504 -25.5283009
  44.2601928  12.2338611
 -53.6767653  38.5249976
  36.7832453 -15.5534515
  18.8936629 -27.4563441
  43.9301842  21.1277714
 -48.1523502  45.5540013
 -39.0738266  19.6079527
 -56.2723673  34.1425207
  29.8206382 -46.7338394
  21.1332712  32.2952828
  63.6482248  34.0605582
 -36.9402759 -50.4656273
 -22.4170018  17.1044766
  6.33705095 -41.2998381
 -33.2697337  31.1000335
 -26.0819885  23.10032
  51.9205686  1.50157645
  54.1426611 -41.6418572
 -22.5689852  69.7711566
 -48.6415663 -30.4462202
  4.5201384  18.0605287
  8.37694665  32.8778335
 -66.0082713  2.29414808
  37.8259881  39.7645213
 -60.3197918  20.0650289
  26.0628728  6.13631611
  17.7188249 -69.0711112
  6.34867423  36.96027
  58.4850842  23.0772108
 -65.4277966  28.7772954
 -10.4093054  13.5136581
  45.3305822  37.4428409
  26.377884 -59.8298462
  71.8948561  2.31664265
 -6.13062781  71.9662703
  11.949669  47.939268
  22.5874192 -53.0814928
  39.9207442 -31.2164314
 -19.5389692  16.3678103
 -13.3524224  60.6662522
  16.6692356 -42.2585441
 -50.4229158  19.9276215
 -25.4892032 -2.88306005
 -0.799772141  26.9080717
  60.0626929  27.8266441
  27.223319  48.9175126
 -18.8022597 -64.5354673
  36.7971611 -32.7448906
  2.50036318 -43.7324734
  16.8736173 -35.3942144
  60.8489519 -28.8235592
  25.5490807 -44.4005926
  61.3769459  21.2727596
  71.1386851 -1.64068692
 -66.1424015 -3.59472221
 -37.8453777  13.9745842
  8.11511151  40.5044842
 -1.05264752  37.4866012
  13.4691008  19.5158579
  4.21982169  39.1830163
  65.4681223 -28.2163083
 -46.9927889 -52.3197602
 -18.4939866 -61.3939568
  5.09859609  7.93451678
  60.8855715  35.6965255
 -61.5154132  9.2629
 -0.701274775 -50.5444684
 -39.1099794  15.9514639
 -38.4903119  56.9239853
  66.9794468 -18.4408975
 -56.6932436 -5.11164596
 -5.04638682 -56.1031606
 -61.3180669  18.7485749
  3.62081803  43.1646269
 -16.6097976 -47.4619714
 -67.6660576 -10.7533684
  50.0433691 -24.219404
  14.3465091  17.6719687
 -33.6457132 -39.3380699
 -3.12747199  71.7469019
  24.4392918  44.0984822
  9.10738229 -60.8127489
 -50.2309572  31.6862964
 -4.14001866  22.852577
 -62.893483 -20.7822505
 -28.4914118 -46.2310083
 -21.967453 -47.1268368
 -11.5295154 -48.058025
  4.41841067  24.7846307
  2.77672359  49.9161592
  44.1073981  23.2906668
  2.9703551 -45.2311573
 -15.7709169  20.4556979
  58.5015058  18.9845091
  38.6169349  3.41442898
  29.6910289  61.4504292
  3.428773 -65.9209818
 -51.6203806  20.1565253
 -14.5797586 -37.4123835
  4.24865268 -54.5333371
  59.7779485  38.3634249
 -55.5826156  31.6665144
 -40.7181687  16.4388036
 -45.5901333  38.7868237
  7.37396021 -60.7514064
  36.0390815  62.5571654
 -22.7876185 -40.4490096
 -54.5184911  25.5042999
 -4.67434078  56.7250591
  61.4762763  25.5119616
  5.07479004 -29.0976951
  50.8171768  19.1008133
 -9.79345755 -71.7215287
  26.8420311 -19.9451191
 -63.0864876 -2.98010062
 -11.8465074  42.105452
  6.66366302  48.1235169
  45.7026823 -16.5063231
 -18.9986588  9.32758054
 -53.727914 -51.1211437
  33.5921553 -58.409936
 -42.0950849 -38.0684217
 -60.1053115  7.61359681
  16.2397595  68.2393797
 -41.3708766  46.0864212
  47.7734174 -18.0003792
  50.264884 -16.4606434
 -2.70230795  33.9950609
 -71.4051186 -18.6382892
 -33.8088892 -29.2337119
  33.8936342  60.3313578
  45.7859656 -39.2814041
 -63.8077415  19.5774403
 -33.549103 -43.7693074
  10.7861302 -2.21896653
 -13.5855025 -31.4227806
 -18.3569426  58.1438282
 -54.5929393  17.9086717
 -33.8324993  3.18326412
  47.8882146  50.815934
  52.5305538  45.8154819
 -37.8509086 -17.6704757
  10.4465269  24.5904907
 -7.44355371  27.9428643
  16.5331069  1.59597251
  11.4183744  14.0387588
 -15.2728382 -39.042757
 -20.3489622  12.4194425
 -34.2083522  41.0008012
  13.4460639 -34.4312614
  43.4076101 -0.624751511
  58.2075994 -4.52443645
  4.33070517 -73.7431728
  31.8418073  20.0325117
  55.6759321 -43.8552884
  41.072192  23.716649
  19.787812  56.2977972
 -43.2148158 -2.82324428
 -61.9257177 -12.8663129
  29.1120068  51.7675985
 -41.9182681  15.638019
 -33.3533493 -7.45853877
  22.4823161  65.9927719
  60.6492946 -6.07648288
  19.3539678 -3.73257499
  9.60330574 -30.5609411
  42.7571156  36.0445705
  11.4681038  41.0111698
  8.59206525 -38.3007299
 -24.3307974  45.1237455
  38.0208515 -44.4625338
 -15.982834 -65.0665118
  11.6820625 -23.0481162
  46.145111  44.5877354
  28.7586211  53.6557479
 -2.66133643  31.3463077
 -20.2070048 -20.5906197
 -38.9391384  56.9870906
  54.5431116  49.2324188
 -34.9424289  31.8116461
  2.42836745  49.8716525
 -56.6214134  27.3880074
  18.4718002 -24.3471715
 -60.9786827 -40.9680438
 -7.08684568 -27.9468036
 -57.6989842  5.471228
  48.8686127  32.1206613
  44.0604388  28.2865579
 -40.5354177  20.063478
  49.9698011 -10.4583764
 -9.83681145  54.6361864
  39.7463776 -19.0942152
  4.15609122 -61.5809669
  52.4157971 -20.940083
  66.6998868  14.0131371
  52.0914874  22.9862993
 -11.9948306  27.4242701
 -23.2115693 -51.909727
  53.3773726 -45.2318907
  21.5822437  23.2801329
  58.6115815  43.2027942
 -14.7522891  69.1361981
 -30.5741999  37.8398746
 -5.62093651 -53.0271489
  42.7492165 -45.7701727
  39.2627005  9.54646683
 -8.01697261  25.0326482
 -34.5905509  36.3965918
 -36.2521364  40.0875542
 -4.57789122 -19.8168378
 -14.9266043  3.04804879
  67.8719841 -20.0544364
 -16.1281826 -30.7405739
  39.432461  42.1975797
  5.93616709 -25.0292365
  11.8623828  42.259364
 -13.1585762 -41.9066389
 -35.8005194 -0.275910504
  51.5591981 -53.8285017
  30.7175385  7.76057203
 -56.1793928 -15.0800412
 -52.3934247  29.9484055
  41.2155986 -41.2891543
 -39.3673356  11.1780691
 -21.5059682  21.3664502
  4.36984008 -45.057754
  42.3188873 -1.45781182
  52.6998475 -20.3685519
  57.4554832 -19.7635165
  11.2748485  2.21848535
  9.35589072 -38.2275297
  14.7345724  47.5092585
  15.7883667 -0.908890555
 -17.2523011 -5.8239779
 -3.65890732  12.5540774
 -28.7953987  35.7619639
 -19.9372924  31.970047
  40.2953688 -32.3925359
 -20.7956434  39.7966668
 -28.1803839  32.3045337
 -35.6200177  9.52856843
  17.634707 -62.2409542
  64.270112 -32.2370282
  60.226222  26.556529
  2.05906797  2.2705597
  11.4399102  68.277694
  52.1995084 -0.436109734
  18.4950663 -70.7440043
 -62.2861967  4.80988232
 -67.506658 -28.1776973
 -17.4708401  2.02214231
  42.8491991 -53.8865647
  53.2472329 -32.8293979
 -49.9081895  32.0380149
  23.4248165 -12.9652108
 -10.9690207 -20.3730628
 -74.1496161 -5.71944547
  31.647079  18.0338073
  19.0313213  44.9364303
 -34.3690411 -10.7640594
 -40.9677702 -25.6846605
  9.59899649 -69.8871753
 -8.90652844  45.4805205
 -40.7485576  8.11775151
 -49.4014296  50.203369
 -3.56031848  18.3045711
  37.8210739 -25.3742167
  11.0693301 -26.4347366
  10.9390325 -46.1481135
 -34.7508445 -24.4328144
 -23.9344434  35.8266478
 -19.4100545 -32.7522719
  57.8910959  9.96096193
 -18.7725044  2.48838284
 -50.2343317 -10.7466353
  56.0499653 -36.0117642
  21.7792348 -52.0867513
 -22.0595194  34.8062144
  54.5892894  10.8153768
 -21.6666503 -24.3785383
 -30.7871056  48.4437002
  35.4109612 -34.8548594
 -48.3645264  47.0339977
  33.5930631 -39.7059206
 -20.2990787  21.6046067
 -63.5984168  14.1382375
 -67.4107131 -6.91910896
 -63.8405581  36.7728229
  43.8004951 -14.0819449
  9.84549431 -20.1959928
  66.0699839  8.11831125
  54.223063  16.976643
 -17.717306  65.9639991
 -42.361673  2.47265695
 -15.2477867  40.0178966
 -62.8362037  14.7431679
 -7.08525127  2.112133
 -2.01551655 -36.6286565
  5.46991104  42.3780307
  13.0855524 -64.3223318
 -6.94012575  23.8715705
  25.7561505 -2.65846693
  53.8727018  49.1621417
 -25.3300654  64.3852996
  21.9393889  66.7354587
 -32.4748535 -40.2822913
  27.0462783 -8.15234604
 -28.0473749 -45.0782401
 -5.91974478 -46.8159673
  20.1448579 -18.3651363
  22.7794291 -54.3905372
 -23.198304 -57.8326981
 -8.94997302 -47.6591241
 -10.8740881  42.0960548
 -59.136512 -33.2076525
 -70.4447243  7.75040489
  68.8161129 -25.7006546
 -23.305529  10.7519799
  17.557193  55.5833275
  16.1733013  4.52816966
 -43.1919559 -34.3799179
  23.337529  30.0116751
 -9.86240275  4.91587167
 -19.0743215  21.2674008
 -66.5590358 -29.1201899
 -48.4702128  18.4337223
  2.95117383  60.4081661
  4.88284401  1.47503869
 -45.5240967  54.7966078
  34.5544089  19.5102726
 -16.3153878 -48.5243164
 -24.5674661 -56.1841014
  0.121809267  66.8731042
  44.8926061 -3.18040605
 -20.3017676 -54.771311
 -46.4271116  33.4788239
 -61.0210354 -29.9458425
 -48.2921062  45.7902511
  9.56119753  1.69858939
 -20.2894668  55.4149261
 -38.2950304  38.1715519
  18.1311514 -57.239981
  18.4306958  67.5381297
 -21.788568  65.3762257
 -21.0084269 -37.2069187
  27.7136508  27.2915817
 -41.984665 -57.7109144
  20.5717305  49.0330562
 -16.3320842 -23.9176171
 -28.7822235  31.5149089
  74.6060317 -0.222423996
  5.76840277 -59.743986
 -18.0403411 -42.6225143
  44.8960109  19.239097
 -59.0332225 -5.126573
 -63.7528959 -23.5513794
 -39.6749666  13.7988426
 -39.751867 -62.3024754
  14.6484838 -55.5613949
 -8.6004356 -64.6065229
 -10.386285 -65.1425931
 -14.1995539  54.3259855
 -10.9705199 -35.6731204
  13.2124624  53.4450351
 -41.9410017  32.023377
  23.3052985 -44.8551688
  13.8267318 -45.7643104
 -15.8268925 -14.9603719
 -31.305281  46.1694876
 -65.0553893 -13.9612726
  15.441717  45.6317734
 -53.689256  39.7573448
 -35.5760346  15.1403173
  13.7571929 -70.6269211
 -37.4912853  18.3125103
 -54.8327056  37.3900821
 -12.5960034  72.224761
 -26.4206717 -47.2028635
 -4.56418178 -0.84562806
 -15.6291062  58.7943872
  51.5680528 -12.8805283
 -20.8450255  34.0151354
  0.943967642 -60.2436233
  19.4463679 -40.6435189
  1.50293395  6.66233965
  31.8489559 -59.7210424
  12.5642194 -24.1616178
 -25.8998678  61.0817002
  14.7374115 -67.326552
 -39.1121728  6.53724492
 -28.0525786 -37.182551
 -57.3345278  2.12230277
  0.0901043089  56.6370505
  20.4444475  44.4149962
  42.8928609  57.1484219
  4.86630395  48.4487901
  13.7092756 -24.6331976
 -47.817658  36.0228172
 -19.3389578 -27.6605622
 -15.3623305 -25.5030214
 -59.4071562  28.9337449
 -31.1809813 -24.8618756
  33.0318785 -28.5056095
  17.1405988  40.7825328
  39.1276734  61.0031911
  17.6283605 -6.23386216
 -61.978282  41.3488702
  73.2670654 -3.1600279
 -8.05402918  11.9414576
  34.3309462  18.0999041
  2.82009154  64.2342091
  7.23297144 -8.30369403
 -40.2565431 -31.4308904
 -60.9659162 -5.75228146
  26.3160718  46.7792873
 -49.9116998  19.5533771
 -27.2531183 -32.5052766
  36.4312189 -33.6306655
  30.4329717 -0.418655163
  18.558651  37.909813
 -34.2896493 -0.319030509
  17.0183727  61.9936618
  31.8619343  18.0868223
  36.967831 -4.65555638
  66.731509 -23.0334761
 -6.6088064 -10.4403524
 -62.2317031 -24.4999568
  52.4052529 -20.9133597
  39.2018494 -60.6294243
  46.4191215  19.0007779
  19.2306034 -4.17396366
  52.2876334  45.6057567
 -66.3665279  3.77254052
 -35.9455989  59.1216241
 -62.1814014  24.6645122
 -57.396405 -28.217964
  8.86059333  68.7025886
  2.35550761  10.7699117
 -55.7441517 -36.3447967
 -4.03641042  41.5718992
  55.0817707  8.22115708
 -13.5409497  27.5039453
 -40.659254 -11.301013
 -36.6488433  63.5313454
  63.5488462  9.37248765
  30.309657  47.0463081
  18.858462  70.240406
  36.0503638  59.933058
  1.55922446  51.6626587
 -43.1182841  38.7469316
  37.9161462 -0.294537495
  9.65579457  59.9870103
 -19.5752677  28.4385947
  16.1238397  55.6287397
 -0.658978981  53.6958813
  64.5483901 -16.4432382
  22.0528242 -54.5454807
 -22.4748416  19.9436687
  25.4901335  9.88854437
  10.4466971 -52.8403915
 -39.7287775  43.0189379
  71.9159185 -12.9672897
  57.5150168  4.1018331
  46.1992307 -57.6849833
  21.4036593 -64.2371675
 -43.1558058 -54.3115771
 -38.1912919 -38.0606033
  31.0886476 -31.8665668
 -12.0428638  64.7468918
  11.6311031  48.6764966
  6.22158226 -18.9309377
  19.9558916 -1.92309928
 -23.4877017 -65.5499185
  61.8842435 -1.76463603
 -4.15722686  47.3310079
 -54.2842822  45.5455284
  49.6549011  55.2121238
  20.9603796 -37.5019497
  3.14804322  40.7579313
  2.88153993 -7.86478307
  10.7849897  1.22535227
 -13.9267298  58.48891
  60.9230539  7.85084222
 -18.3031541 -0.0696852154
 -7.07399726 -9.04575533
 -20.3305408 -3.51324279
 -50.967583 -53.8289764
  55.1055683 -23.1638615
 -66.4079427  28.7244508
  35.7524109  21.6909107
 -16.5533547 -40.3136238
 -26.1970703 -28.9421083
 -7.3736238  67.4702164
 -44.2202023  27.3339314
 -40.9787235  52.646848
  20.9449972 -13.0573756
 -36.9911659 -34.6021774
 -61.4340116  31.4059857
  33.0121115 -15.4729621
 -22.5131309 -22.2044044
  0.564789459 -2.22081177
  41.9485434  11.3955664
 -12.9599797  9.05039601
  37.0193247  56.6063881
 -42.0773561  28.4123184
 -11.6229506 -62.8345957
 -14.1893608 -59.8410581
  60.3901805 -2.32295535
 -3.12201681  48.5475739
  25.6655076  62.0434529
 -41.8587507  50.6473056
 -16.8804586  37.3257453
 -1.70963103  12.246327
  32.999898 -25.9921556
  40.7033065  10.0264669
 -20.6713185  8.13185371
  45.0523869 -54.4533501
 -26.9431139 -61.0760032
  49.6445206 -19.3811855
  47.5804585  23.9308496
 -20.6754534 -68.9600424
  1.67373023 -38.030349
  53.5354815 -0.535191193
 -24.7708782  69.1505949
  24.0741379  6.56013276
 -23.2580214 -8.41589746
 -40.7083199 -39.3523125
 -30.9664839  25.3554949
  35.6087513 -19.5166499
 -18.7092548  7.12468442
 -38.7760331 -51.9082828
 -49.5552228 -13.7362279
  19.08245  28.8016462
 -59.0100616  44.9517373
 -29.1416328 -61.2846175
  37.4678755 -6.09599336
 -14.1315965 -34.9652096
 -38.5890372 -13.2671702
 -27.6839627 -42.0776326
  12.1086697  40.2270472
  54.180065  51.2104493
  22.3622605  3.8957521
 -23.5370387 -8.33573272
 -9.9371088  66.6097266
  50.0408429  54.7581657
 -0.267575089 -63.274477
  11.5471824 -36.4598014
 -23.8742204 -60.3181909
 -62.2789845  4.87886989
  14.1102014  63.677338
  14.0303952  29.1616683
 -43.4214558 -14.4000604
 -6.04185793 -40.981969
  44.8975994 -53.1492437
 -37.0388758  37.8674949
  67.201965  24.4982103
  9.60370604 -17.5969473
  58.8240408 -0.685047296
 -61.7463494 -11.1662527
 -33.0104775 -46.2799464
  52.6889864  11.7651723
  24.0566432 -47.7568454
 -7.5623091  52.4856748
 -33.6651853  63.0788584
 -48.1502715 -44.8211244
  67.1062313 -8.54765272
  12.825226  55.118705
  14.3671564 -19.1842918
 -43.960108 -59.5841322
 -60.6184204  25.3415289
 -20.9416015  33.2423952
 -13.580665 -39.1801618
 -64.1873935  20.4065074
  47.963862 -7.96152777
 -32.1781291  24.4118669
 -9.49371322  67.5742389
  30.9310088  6.77593219
 -25.047258 -56.9718527
 -49.1969037  31.3710388
  8.6650434  53.8217415
 -6.42231  27.424648
 -63.7213136  14.7270735
 -31.6967282 -23.8165559
  68.8019119  23.495733
  36.2302593 -6.72749412
 -27.0528307  0.806343291
  40.6028218  43.5829643
 -23.8512567  40.6636209
 -49.0770588  43.375487
 -1.18778333  34.2331136
 -38.6429855  33.2782115
 -61.4650527 -30.4120732
 -27.023147 -40.767833
 -44.5708024  29.6799512
 -67.7778547  8.19808526
 -33.3602048 -56.527478
  26.4282126  52.2434076
  40.3402611 -24.4410013
  58.5562762 -33.5115538
  4.79853974 -0.721518034
  3.15941539  57.5526118
  60.2170464  29.9404259
 -53.4489773 -32.4744632
 -54.6956233  35.090972
  44.216291  18.5580927
 -51.165587 -19.2330274
 -12.8563774 -46.8922344
  32.3613231 -42.1281364
  52.407834  30.7638549
 -33.1196494 -10.8623753
  23.543905  62.9237376
 -58.8843241  36.3732553
 -34.1652389 -34.9125968
 -37.3393996 -45.1270745
  69.6941471 -10.2227133
  31.3405446 -60.3599737
  36.7949896  44.2491408
  22.7519328 -29.0026486
 -46.6749813 -14.2409557
  22.7129207  12.3164882
 -38.5274011 -41.8135247
 -37.5023892 -39.5855189
 -58.2098033 -19.4864338
  36.1352526 -17.4912159
 -42.1082243  16.550107
 -25.0518793 -21.7260132
  30.759223 -11.2251596
 -20.9119043 -14.5965653
  47.532479 -2.50198062
 -63.6543689 -33.4684803
 -22.7414262 -4.58623614
  9.79506703  68.3255609
  14.2399577 -51.2215053
 -62.6356873  28.261209
  19.9784405 -22.2662446
 -25.6185474 -37.4700552
 -20.5803502  53.1317114
  7.38927711 -40.5780213
 -45.2113701  56.4867675
  36.6110309 -6.61267544
  48.6412822  17.5328112
  21.3368993 -32.8062051
  3.75372381  59.9217431
 -49.0856557  56.0828921
  63.3767703  4.40859723
 -53.6859798 -4.6451234
 -0.0178706436 -8.784485
  31.0098615  67.0984623
  30.9066956  13.7414649
  34.7357636 -14.5395927
 -15.5762853 -56.6966028
 -24.3630837 -40.1178518
  70.589275 -13.8663607
 -15.3588128 -64.3729052
  11.9527771  29.114439
  53.3007751 -18.5317334
  11.5294569  56.6646659
  10.3438397  23.0124553
 -36.6130421 -30.6324347
  55.2139656  42.2844263
 -4.80210368 -41.9321102
  11.4812982  62.0463986
 -69.7177373 -21.7713658
 -51.5743736  24.4981945
 -42.2811557  51.7660998
  16.8602724 -39.194855
 -4.90941859  42.6403999
 -19.3729345 -60.2770219
 -14.5460915 -2.64306521
  14.1819572 -47.3170401
  14.4331463 -71.0326773
 -35.4578929 -19.1404951
  67.373964 -24.2959284
  18.5957019  7.32170634
  20.8909871 -25.0398547
  2.16261456 -63.1802629
  6.61376784 -34.1488274
  53.9592999 -43.1396029
  20.3681496 -25.3334857
  64.9173899 -34.2965029
 -24.2161542 -19.8717921
 -32.5613282 -30.5967372
 -0.489279271  58.0486668
 -15.5095766  3.09141841
  55.9745825  16.9041133
  50.8569846  51.5226473
  13.9769235  52.5228579
  50.2934513  50.9318866
 -19.5862826  62.3633984
 -16.0340419 -30.7217938
 -71.1813017  11.4636889
  68.9552413  4.51632192
 -50.3238186  43.1806913
 -56.8709823  44.6336455
 -16.2324838  42.6603115
 -18.9196945  44.801676
  20.5283705 -57.2966733
  39.6245357 -0.470947288
 -8.75965108 -1.55599909
  32.4997224 -37.3069852
 -57.0743678 -42.4844191
  16.3752132 -9.73951062
  20.7267611  10.7270381
 -44.0479703 -31.6471285
  20.9601525  21.2481767
  31.0567128 -46.2963705
  1.55858602 -37.1289228
 -16.7739176  13.3440591
  30.0805656  2.19342316
  13.173518  69.5782001
 -31.5008972 -59.8622046
  62.3459173 -29.2413339
  28.4022535  32.0340601
 -11.1692653 -25.6790878
 -61.4004558 -20.10599
  16.6054891 -46.5860793
 -20.1629931  50.9222676
  26.8608986  61.9883064
 -2.48224317  31.4064272
  39.2882566 -24.5115973
 -0.112885644  21.2406694
  13.7747184 -8.36439006
 -53.3842864  0.947933125
  9.44051778  36.3237111
 -22.8379551  8.47678962
 -56.716766 -32.9925289
 -22.6859731  28.1344569
 -42.8853306 -9.53640701
 -7.07732142  12.7737593
 -0.70218394 -40.4888466
 -38.4074517 -20.8202339
  47.9859841  29.5273959
  39.2505654 -18.7470077
 -54.7132739  20.4734311
  3.25047273 -71.9823755
  27.7556545 -66.8963024
  41.7825035 -0.774051613
 -58.7812652  13.8447268
  40.4602738 -36.779397
  28.7177606  33.6476338
 -25.2807936  60.2956643
 -65.2931412 -28.63807
  30.8984126 -37.5115649
 -24.8135774 -69.446709
 -69.4533013 -18.5427963
 -54.7627847 -28.2791592
 -12.0090754  68.1896457
  7.16753714  51.1102806
  20.2182957 -50.8332601
  27.0551467  14.1535593
 -8.43517963  18.9769509
 -9.13500357  65.5345265
  31.4646028 -9.82471322
  65.9680883 -2.34260388
 -68.4929257 -3.95557606
 -2.5096937 -60.3205811
  32.0124446 -6.72663469
  31.9531009  66.894807
 -65.2046958  4.71576775
 -28.1526807 -49.0230868
 -18.2535156 -26.8610064
 -1.57212376  49.9034898
  64.725639 -11.6646332
 -12.3262232  25.3945416
 -47.4296991 -41.6959012
 -28.7006278  27.1009615
  44.9467666 -58.5181216
  17.384552 -20.3939092
  15.8516816 -28.8024723
 -9.71956884  16.2988693
 -38.1736719  28.8442687
 -44.6135946 -29.5551314
  15.7135425  36.7780429
 -48.0221125  29.1843604
 -11.8592364 -42.3195877
 -69.6885163  3.68215043
  22.6874045  54.47386
 -20.252172 -18.5605633
  48.8138527 -16.1038816
  11.2073879 -1.62668584
 -24.67345 -40.3565417
  46.9156012 -30.0492346
 -30.74963 -9.62070757
 -8.74649584  62.5581463
  68.1784973 -2.95895959
  9.6434026  23.5003138
  8.15944492 -47.4555613
  2.89887169 -65.0564554
  42.3917715 -25.3102446
  42.5210376  13.2888309
  29.0849921 -5.48042159
  10.6080628  14.5830544
 -22.4582541  17.7413348
  27.4993635 -47.3399997
 -28.6144583  20.0130544
  37.3631237 -39.3923678
 -9.17432075  32.2513543
 -1.87849695 -59.2085622
 -34.5108208  64.6038293
 -28.823006 -3.28765836
  31.0927108  8.38194549
  27.8724568 -28.4364954
  62.0783099 -4.76655163
 -18.6542242 -20.6896235
  46.3728341  23.2538522
 -40.5394599 -3.94485837
 -8.64633821  40.1379267
 -42.2177334 -7.2889108
  30.5592181 -67.528936
 -44.725057  13.7936407
 -6.45046037 -42.4823941
 -59.4142681  5.77245628
  31.3247498  67.7522553
 -10.2105678  50.0869635
 -28.2427691 -36.3661206
 -25.8120764  28.603731
 -1.14325551  33.4365234
  11.0010011  16.0624373
  18.536931 -34.1776479
  50.6789318 -6.79158813
  9.7951854 -66.6225223
 -32.8273842 -13.1879031
  50.0947638 -43.358126
 -58.2980301 -5.75593612
 -7.85969043  1.78570519
 -45.4820183  21.9801364
  36.0174884 -46.448612
  21.2914986  35.0149363
 -7.00720271 -50.4434732
  72.488688  10.2191324
 -56.5623879  43.2757583
  33.3251762  17.3095464
 -6.76542493  0.388931342
 -8.16612321  42.7123616
 -30.0243882  61.1554867
 -67.2640917 -21.5272456
 -51.5851442  42.2330988
 -34.3402089  33.0012431
  73.4023138  10.8260491
 -35.4458688 -29.6619473
  71.686019 -12.9053105
 -9.20813936 -53.4861433
 -24.795381  36.1284296
 -10.0028047 -67.0473149
  38.074323  4.14615164
  21.6085348 -13.4153034
  4.26054903 -47.689624
 -23.1295839 -59.8494108
  14.3855075  61.0071818
 -41.5357076 -50.3877214
 -32.5074729  55.0085329
  41.0914822  43.6032849
  64.8800575 -12.7629855
 -25.8975056  21.3861889
  25.434875 -47.289181
  46.8767881 -2.56842912
  30.2681647 -60.3801578
  63.8875269 -37.6086721
 -27.1221483  41.9005919
 -9.32254215  40.355984
 -47.8467064 -26.5366932
 -58.2215715  12.2386009
 -19.0979333  66.1674992
  9.85747775  43.2993739
 -30.493769  58.4036047
  36.0230286 -27.7155323
 -15.2532184 -5.1371163
  52.9172411  37.0422123
 -1.46844331 -14.2209895
  38.8744598  55.9027449
  22.3887525 -32.9438142
  25.1241228 -1.01019303
 -12.9236385  19.4268006
 -31.5745751  48.821182
  43.5803283 -28.9399622
 -45.3060142 -37.2609913
  2.73679674  26.5816835
 -55.2384402 -9.21873649
  17.5474978  6.95724742
 -27.3947844  52.7687001
 -1.84811589 -46.4917049
 -17.5932794 -63.0614989
 -43.9606952  10.1465469
  47.2383514 -7.61660127
  64.3777904 -11.1067774
 -25.125096  54.1312296
  9.07260727 -45.1306123
  18.2474833  64.0376649
  15.7872252 -49.7781769
  6.79708556  62.9673762
  72.1287334 -14.4136854
  11.2098691  57.3369759
 -22.9661165  10.9750087
 -12.6605787  28.7426378
 -41.9287547 -6.8429441
  63.1210078 -20.4050392
 -17.3214726 -43.5796496
 -52.1468463 -51.9518767
  1.05009436 -61.0294772
  25.3857087  53.3809794
 -36.3291651  50.3622997
 -72.6357578  11.079992
 -11.9688179  12.5569931
 -36.9556027 -32.8544971
 -31.6478383 -16.8512441
  34.0535819  28.9947554
  51.3651668  0.0332853256
 -31.3079314 -13.8060132
  34.204162 -5.00573624
  31.7729782 -9.4088089
  56.8490277  41.5175465
 -21.3933119 -60.9884709
  60.75202 -1.55101992
  37.4906504  38.9471675
 -63.1191034 -21.1682792
 -52.1888618  9.226689
  24.7650097 -13.8129051
 -41.1654152  14.7724156
 -2.74196121 -13.3232338
  19.8380675  13.2657489
 -18.8161041 -3.35211859
  11.9571087 -40.6038744
  44.0163026 -34.9887895
 -70.8050805  23.5207262
 -23.442647  58.9401463
 -42.5643526  20.5552315
 -43.6628922  17.7142225
  29.3008215 -26.96076
  36.6910388 -48.2388812
  26.1611648 -49.495356
 -34.5265896 -6.00319746
 -17.2511849  51.3174019
  17.906366  36.9829269
 -50.3533543  14.0309068
  1.86689281  46.3519951
  12.3741018 -38.3024075
 -2.37208599  70.7924479
 -20.1553538 -27.0715371
  45.542898  51.2033935
 -30.3854495  49.436534
  60.6863216  18.1162975
  7.615048  13.3865234
 -1.12685741 -25.1405709
  39.5580975  4.52323912
 -48.929581  18.0436395
 -13.4728575  46.86547
  36.7079993 -33.5504888
 -67.9831488  21.5277772
  53.3805416  29.1571343
 -25.2356312 -16.5703034
  4.80431853  26.2035742
 -45.3515962  50.8527333
 -36.7452827 -32.9423775
  71.6981096  18.6634328
  28.9146231  42.4056111
 -39.0337112 -56.9427317
  7.53755276  28.4128911
 -46.9477445  25.1439752
  31.0265591  18.3321343
 -23.0673499 -8.357285
 -64.1450552 -30.9153293
  14.5597901 -28.9879071
  30.3777128  1.69867327
  44.2777855  33.8158747
 -48.0922041  5.06794804
 -3.21596011  26.8486827
  6.26129579  23.6219047
 -41.0271483  41.9783028
 -29.0392022 -60.2144334
 -48.9528846 -30.7769335
  1.85686769  46.0345816
  16.1407861 -36.357803
  66.0891409  11.9609175
 -16.1575332  64.836305
 -16.435847 -2.17838536
 -52.9709914 -21.8702671
 -0.0454454128 -1.42229427
  52.6324727  12.3481164
 -17.7424989  14.1045487
  12.9771436 -10.1889391
 -25.2526924  39.0130819
 -33.5853298 -14.4407337
  7.803137  71.2217596
  37.4790893  39.290941
  32.5961829 -61.2317606
 -24.7500218 -5.56838849
  48.1183303  43.6558577
  43.7182457  0.475968062
  43.6531447 -20.6419506
 -16.0067614 -12.1351805
 -9.83010914 -9.01239464
 -29.1927243 -56.4276199
 -24.1742937  13.4573675
 -48.0103598 -18.988035
  17.7137396  35.7332012
  16.3048682 -69.4656268
  20.0400298 -46.7214821
 -29.5108777 -40.2478361
  19.498347 -16.53279
  14.1282994 -56.4422183
 -40.6464895  32.6700557
 -13.8093221  49.5963179
 -30.6842813 -62.3235926
